{
  "key": "INDEX_Industry",
  "name": "三产业占比",
  "data": [
    { "year": "2008", "v": "9.90", "v2": "52.80", "v3": "37.30" },
    { "year": "2009", "v": "9.30", "v2": "52.80", "v3": "37.90" },
    { "year": "2010", "v": "8.60", "v2": "55.00", "v3": "36.40" },
    { "year": "2011", "v": "8.40", "v2": "55.40", "v3": "36.20" },
    { "year": "2012", "v": "8.20", "v2": "52.40", "v3": "39.40" },
    { "year": "2013", "v": "7.80", "v2": "45.50", "v3": "46.70" },
    { "year": "2014", "v": "7.40", "v2": "45.80", "v3": "46.80" },
    { "year": "2015", "v": "7.32", "v2": "44.98", "v3": "47.70" },
    { "year": "2016", "v": "7.35", "v2": "44.52", "v3": "48.13" },
    { "year": "2017", "v": "6.57", "v2": "44.19", "v3": "49.24" },
    { "year": "2018", "v": "6.77", "v2": "40.90", "v3": "52.33" },
    { "year": "2019", "v": "6.60", "v2": "40.20", "v3": "53.20" },
    { "year": "2020", "v": "7.20", "v2": "40.00", "v3": "52.80" },
    { "year": "2021", "v": "6.90", "v2": "40.10", "v3": "53.00" }
  ]
}
